0.43010753,0.56801075,0
0.47252747,0.53028367,0
0.29896907,0.6605048,0
0.45555556,0.58265583,0
0.41237113,0.53350515,0
0.34831461,0.55454875,0
0.37777778,0.51764706,0
0.30851064,0.67938371,0
0.26666667,0.65185185,0
0.38947368,0.52944523,0
0.37634409,0.60030722,0
0.29166667,0.62760417,0
0.33684211,0.61118421,0
0.38947368,0.71550498,0
0.30851064,0.69112252,0
0.29787234,0.67325228,0
0.31578947,0.63298246,0
0.30208333,0.69719828,0
0.36170213,0.69680851,0
0.42268041,0.51445813,0
0.58333333,0.43098958,0
0.33333333,0.58691406,0
0.34375,0.62436869,0
0.37894737,0.51111111,0
0.31914894,0.65851064,0
0.34042553,0.62167553,0
0.36842105,0.60781955,0
0.30526316,0.63629764,0
0.43617021,0.48391282,0
0.25806452,0.81182796,0
0.36170213,0.6479975,0
0.28571429,0.69484362,0
0.34042553,0.60139628,0
0.38541667,0.60247748,0
0.39175258,0.56728161,0
0.47368421,0.42339181,0
0.34042553,0.67719415,0
0.4893617,0.50046253,0
0.22105263,0.6877193,0
0.38947368,0.55533428,0
0.28865979,0.60677467,0
0.37894737,0.57280702,0
0.34444444,0.61111111,0
0.37234043,0.61945289,0
0.27368421,0.71255061,0
0.28865979,0.72717231,0
0.31182796,0.70485725,0
0.33333333,0.68033854,0
0.26315789,0.60673684,0
0.30851064,0.72010271,0
0.35714286,0.61370262,0
0.30208333,0.64403736,0
0.32989691,0.64078608,0
0.37234043,0.53647416,0
0.34375,0.64867424,0
0.40860215,0.65393322,0
0.35416667,0.61121324,0
0.37234043,0.6443769,0
0.25,0.70138889,0
0.36842105,0.60992481,0
0.36842105,0.68541353,0
0.33673469,0.67532468,0
0.30526316,0.73176044,0
0.47311828,0.46652004,0
0.48958333,0.47650709,0
0.43617021,0.56434873,0
0.26804124,0.65701824,0
0.31914894,0.69361702,0
0.39361702,0.61845888,0
0.34020619,0.6057482,0
0.57608696,0.36013126,0
0.39583333,0.60992325,0
0.39175258,0.63510581,0
0.31578947,0.66807018,0
0.375,0.63917824,0
0.32291667,0.62331989,0
0.39583333,0.66091009,0
0.40206186,0.62754428,0
0.29166667,0.71056548,0
0.35789474,0.67708978,0
0.32291667,0.64482527,0
0.28865979,0.74705449,0
0.35051546,0.61522135,0
0.37894737,0.60350877,0
0.35789474,0.54551084,0
0.31578947,0.64105263,0
0.43157895,0.59409499,0
0.36170213,0.6514393,0
0.43877551,0.56929283,0
0.32631579,0.73140917,0
0.33333333,0.61653646,0
0.36734694,0.72760771,0
0.34042553,0.6299867,0
0.44086022,0.60188828,0
0.35789474,0.64179567,0
0.34375,0.64772727,0
0.29591837,0.70161858,0
0.37234043,0.69665653,0
0.36363636,0.67564534,0
0.26315789,0.66821053,0
0.29473684,0.67293233,0
0.35416667,0.6786152,0
0.32978723,0.62422787,0
0.43157895,0.57997433,0
0.3655914,0.64547755,0
0.40860215,0.58517261,0
0.41489362,0.49399891,0
0.30851064,0.66691123,0
0.37113402,0.59593356,0
0.36842105,0.59639098,0
0.34693878,0.61464586,0
0.30769231,0.70839874,0
0.36956522,0.66176471,0
0.32291667,0.70194892,0
0.30434783,0.6859472,0
0.32631579,0.70628183,0
0.34375,0.59217172,0
0.375,0.55750689,0
0.37373737,0.62762763,0
0.35106383,0.65248227,0
0.27777778,0.69955556,0
0.32989691,0.70425258,0
0.32631579,0.66044143,0
0.33333333,0.66077003,0
0.32989691,0.71778351,0
0.3125,0.68506944,0
0.33333333,0.66944155,0
0.29347826,0.74436393,0
0.32631579,0.61256367,0
0.29787234,0.66261398,0
0.32631579,0.68251273,0
0.24175824,0.80919081,0
0.34782609,0.66338315,0
0.35051546,0.66919345,0
0.35483871,0.68849788,0
0.44086022,0.4503016,0
0.36170213,0.62421777,0
0.46590909,0.56818182,0
0.31914894,0.67730496,0
0.42222222,0.57923977,0
0.42391304,0.53511706,0
0.32608696,0.60905797,0
0.30681818,0.75420875,0
0.35955056,0.71383427,0
0.22580645,0.71018945,0
0.30337079,0.69787765,0
0.35789474,0.68390093,0
0.25274725,0.72909699,0
0.33684211,0.59506579,0
0.29473684,0.64097744,0
0.35789474,0.66377709,0
0.30927835,0.72302405,0
0.42105263,0.61105263,0
0.37894737,0.68391813,0
0.38709677,0.630227,0
0.38461538,0.65463108,0
0.38043478,0.67763975,0
0.38888889,0.64412698,0
0.35106383,0.60444874,0
0.35106383,0.67085751,0
0.39583333,0.60471491,0
0.41935484,0.60352909,0
0.39325843,0.6070626,0
0.55555556,0.48688889,0
0.38947368,0.61024182,0
0.34042553,0.66755319,0
0.28888889,0.80213675,0
0.33695652,0.70371669,0
0.41237113,0.57036082,0
0.36170213,0.57947434,0
0.40697674,0.60033223,0
0.35164835,0.69608516,0
0.34736842,0.63955343,0
0.33333333,0.70239334,0
0.39130435,0.63254831,0
0.37234043,0.59088146,0
0.48913043,0.55990338,0
0.34408602,0.68850806,0
0.28888889,0.70384615,0
0.46236559,0.56739185,0
0.30434783,0.60986025,0
0.34693878,0.61314526,0
0.40425532,0.63773796,0
0.35869565,0.671278,0
0.38947368,0.50697013,0
0.37755102,0.63485935,0
0.30434783,0.66770186,0
0.26041667,0.74791667,0
0.43298969,0.58001964,0
0.44086022,0.53002885,0
0.30208333,0.74497126,0
0.34408602,0.61323925,0
0.32967033,0.65311355,0
0.40860215,0.59309564,0
0.36082474,0.5988218,0
0.37634409,0.61904762,0
0.29473684,0.74398496,0
0.32291667,0.72244624,0
0.35789474,0.61145511,0
0.41304348,0.56378719,0
0.4,0.62623457,0
0.31182796,0.62662217,0
0.35106383,0.64732431,0
0.31578947,0.66526316,0
0.2755102,0.74300831,0
0.34736842,0.67751196,0
0.36082474,0.64123711,0
0.25263158,0.71359649,0
0.26373626,0.65064103,0
0.35353535,0.66089466,0
0.39393939,0.65889666,0
0.4742268,0.56409682,0
0.33333333,0.69360269,0
0.34736842,0.66539075,0
0.32978723,0.62388469,0
0.36458333,0.7297619,0
0.31578947,0.71649123,0
0.31632653,0.74423963,0
0.32653061,0.79177296,0
0.31578947,0.62947368,0
0.38947368,0.60853485,0
0.38541667,0.56953829,0
0.37362637,0.56043956,0
0.42391304,0.61315496,0
0.23958333,0.66757246,0
0.34736842,0.62073365,0
0.30107527,0.66205837,0
0.29473684,0.6575188,0
0.33333333,0.65417967,0
0.34736842,0.68708134,0
0.33684211,0.70855263,0
0.2688172,0.72301075,0
0.34020619,0.64636051,0
0.4,0.53961219,0
0.46808511,0.51619923,0
0.41489362,0.62575014,0
0.31868132,0.6839712,0
0.35227273,0.67192082,0
0.32608696,0.65434783,0
0.29473684,0.71992481,0
0.43010753,0.58521505,0
0.30208333,0.6174569,0
0.35051546,0.58853851,0
0.34408602,0.66397849,0
0.2755102,0.6239607,0
0.33333333,0.65556712,0
0.41666667,0.56197917,0
0.34736842,0.54162679,0
0.34065934,0.57178306,0
0.24242424,0.69191919,0
0.33663366,0.53814793,0
0.33333333,0.59972251,0
0.27368421,0.68502024,0
0.42268041,0.53809404,0
0.42553191,0.51781915,0
0.31111111,0.65079365,0
0.37113402,0.57187858,0
0.2755102,0.80385488,0
0.37894737,0.53830409,0
0.27368421,0.65222672,0
0.25531915,0.75620567,0
0.38709677,0.58930705,0
0.32291667,0.61861559,0
0.29166667,0.67671131,0
0.45263158,0.52117503,0
0.36458333,0.6047619,0
0.39795918,0.65096808,0
0.35789474,0.66842105,0
0.38297872,0.66046099,0
0.29473684,0.65037594,0
0.34042553,0.67287234,0
0.33333333,0.68815104,0
0.38947368,0.62190612,0
0.31111111,0.68730159,0
0.31632653,0.6714944,0
0.27083333,0.70192308,0
0.32978723,0.68737131,0
0.45744681,0.51806037,0
0.37373737,0.5986896,0
0.33684211,0.67796053,0
0.37113402,0.61827033,0
0.4516129,0.48054275,0
0.23404255,0.76595745,0
0.28125,0.75192901,0
0.34736842,0.67559809,0
0.2688172,0.6916129,0
0.2755102,0.79100529,0
0.38709677,0.61170848,0
0.46808511,0.50193424,0
0.40425532,0.63213886,0
0.36458333,0.63392857,0
0.34408602,0.62298387,0
0.40860215,0.52716469,0
0.33333333,0.64967048,0
0.38297872,0.58451537,0
0.37894737,0.65204678,0
0.23157895,0.7430622,0
0.25,0.75,0
0.30208333,0.65625,0
0.39583333,0.60964912,0
0.36842105,0.62045113,0
0.27835052,0.69224895,0
0.42553191,0.53856383,0
0.26530612,0.76098901,0
0.31182796,0.72747497,0
0.40206186,0.54163362,0
0.51648352,0.48678981,0
0.27368421,0.66558704,0
0.27956989,0.6674938,0
0.21505376,0.71344086,0
0.28421053,0.67602339,0
0.47916667,0.4370471,0
0.43617021,0.57758173,0
0.31578947,0.61859649,0
0.33333333,0.59243843,0
0.31578947,0.66701754,0
0.32631579,0.69303905,0
0.32978723,0.63383665,0
0.32978723,0.52814001,0
0.29787234,0.65881459,0
0.47368421,0.50152047,0
0.37894737,0.61578947,0
0.28571429,0.63567202,0
0.29473684,0.70150376,0
0.30526316,0.72413793,0
0.32967033,0.68241758,0
0.41758242,0.58299595,0
0.35483871,0.68491365,0
0.31914894,0.73297872,0
0.32631579,0.65908319,0
0.34693878,0.62965186,0
0.46808511,0.45817215,0
0.32967033,0.69377289,0
0.37634409,0.64546851,0
0.36842105,0.60932331,0
0.33333333,0.63614291,0
0.35555556,0.63888889,0
0.42553191,0.58111702,0
0.40860215,0.56989247,0
0.32258065,0.66810036,0
0.26666667,0.7087963,0
0.36842105,0.62586466,0
0.43956044,0.5706044,0
0.30851064,0.70946442,0
0.39784946,0.48881139,0
0.24468085,0.81822387,0
0.26595745,0.73191489,0
0.29032258,0.72640382,0
0.31182796,0.67556544,0
0.37113402,0.6975945,0
0.28723404,0.71513002,0
0.28125,0.77584877,0
0.20212766,0.77211646,0
0.29032258,0.71445639,0
0.47826087,0.50642292,0
0.26041667,0.75125,0
0.44565217,0.53870626,0
0.53191489,0.44276596,0
0.625,0.39409722,0
0.24210526,0.80869565,0
0.32291667,0.59038978,0
0.46315789,0.40645933,0
0.37755102,0.65609487,0
0.4375,0.58234127,0
0.22580645,0.71223758,0
0.36842105,0.58887218,0
0.37894737,0.64766082,0
0.39784946,0.68381285,0
0.33333333,0.658342,0
0.46464646,0.49297321,0
0.30612245,0.68537415,0
0.42553191,0.63856383,0
0.33684211,0.70822368,0
0.31111111,0.66865079,0
0.28125,0.74305556,0
0.31182796,0.60363367,0
0.34408602,0.59408602,0
0.30526316,0.69001815,0
0.58510638,0.41682785,0
0.32258065,0.71577061,0
0.34408602,0.71639785,0
0.32608696,0.60362319,0
0.40425532,0.63213886,0
0.23404255,0.70261122,0
0.25263158,0.79868421,0
0.36170213,0.67834793,0
0.31958763,0.72896575,0
0.30526316,0.73067151,0
0.25531915,0.6839539,0
0.38709677,0.52270012,0
0.3655914,0.68817204,0
0.30526316,0.72087114,0
0.34042553,0.79321809,0
0.29787234,0.71656535,0
0.24468085,0.7173913,0
0.28723404,0.77029157,0
0.38947368,0.64950213,0
0.45263158,0.51162791,0
0.31632653,0.67478604,0
0.34782609,0.63043478,0
2.7075472,0.62939772,1
2.4910714,0.72160673,1
2.3941606,0.69843996,1
2.9125,0.6789966,1
2.6391753,0.59403799,1
2.8536585,0.4238101,1
2.8539326,0.67519404,1
2.3666667,0.64826087,1
2.4727273,0.49477136,1
3.3009709,0.70469873,1
2.8817204,0.6532812,1
2.3947368,0.46388082,1
2.5588235,0.48881444,1
2.1929825,0.66447684,1
2.8510638,0.66004519,1
2.9880952,0.67283242,1
2.72,0.65080645,1
2.2056738,0.65345579,1
2.7102804,0.68644756,1
2.72,0.67283242,1
0.57954545,0.53039596,2
0.73076923,0.6840706,2
0.6978022,0.72905153,2
0.792,0.70462992,2
0.62264151,0.63820172,2
0.72857143,0.66384615,2
0.51136364,0.74902038,2
0.67741935,0.64509376,2
0.62244898,0.74817414,2
0.65116279,0.66181943,2
0.66086957,0.57279915,2
0.69354839,0.74693434,2
0.73006135,0.70175463,2
0.60199005,0.66207506,2
0.72380952,0.73964803,2
0.73542601,0.75060609,2
0.7037037,0.70920139,2
0.73125,0.72296911,2
0.72254335,0.66847084,2
0.64539007,0.68809235,2
